7 426 806 1402
360 950 1341 1921
371 950 1447 2066
328 946 1282 1901
9 644 1126 1722
631 1222 1651 2279
585 1201 1519 2134
314 939 1417 2044
136 774 1157 1544
524 1087 1664 2043
222 856 1477 2051
285 913 1486 2118
610 1195 1816 2437
3 577 1177 1757
339 949 1521 2083
162 783 1412 2013
297 924 1518 2141
597 963 1540 2157
632 1077 1671 2335
243 907 1511 2078
280 846 1395 1964
344 921 1542 2148
573 1183 1741 2416
395 1069 1658 2251
346 935 1594 2144
283 829 1382 1981
619 1213 1828 2298
592 949 1563 2137
499 1077 1689 2317
277 896 1436 2051
4 625 1265 1832
636 1201 1783 2338
580 1137 1696 2319
502 1137 1774 2400
388 1023 1579 2187
344 956 1588 1954
143 600 1187 1807
101 748 1325 1887
314 872 1493 2055
332 901 1531 2095
478 1109 1746 2405
11 671 1248 1804
290 849 1401 1958
395 975 1592 2207
576 1201 1815 2276
381 754 1323 1899
445 1025 1636 2236
91 698 1322 1942
365 984 1536 2157
361 978 1592 2164
422 995 1618 2255
441 1073 1630 2253
385 1016 1680 2277
25 624 1207 1586
